0
0
0
0
0
0
0
0
0
0
0
0
0
17
13
0
0
0
0
0
0
0
0
0
0
0
0
0
0
70
39
0
0
7
0
0
0
0
0
0
0
0
0
0
12
44
0
0
0
0
22
0
0
0
0
0
0
0
0
94
56
0
0
0
0
0
5
0
0
0
0
0
0
0
0
0
12
0
0
0
0
0
40
28
64
0
2
0
0
68
275
188
30
18
4
0
0
0
26
101
66
46
0
0
325
292
161
0
0
0
0
0
0
0
0
61
21
71
319
395
379
0
0
0
0
0
0
0
0
0
40
0
164
290
368
0
7
76
0
0
0
0
0
0
59
211
151
326
302
0
0
61
32
110
111
0
0
0
0
0
269
442
355
136
0
53
186
83
63
37
149
117
0
0
0
0
116
0
0
0
0
26
76
0
55
115
76
216
133
0
0
0
0
0
0
3
0
0
0
115
207
0
0
100
218
108
0
0
0
2
1
1
2
2
0
0
0
0
0
0
127
201
41
0
1
4
0
0
0
0
0
1
0
0
1
0
0
0
1
0
1
5
4
0
0
0
0
0
0
0
0
1
0
0
0
0
