113
117
120
123
121
122
124
123
125
123
126
125
129
140
130
125
123
121
124
127
127
128
129
124
131
128
131
126
142
153
144
131
128
158
214
137
140
133
136
136
140
141
138
208
171
99
156
134
138
141
165
178
151
147
151
150
152
146
170
207
238
82
160
148
143
158
165
215
213
161
164
161
168
179
172
261
242
269
155
173
162
181
179
214
232
183
181
180
186
367
341
297
226
192
234
179
176
195
178
223
193
278
156
325
349
301
234
246
210
187
192
205
180
185
222
197
289
256
361
401
115
299
251
203
201
196
194
197
200
211
250
202
397
343
152
284
258
244
212
215
215
215
207
207
229
275
336
359
255
318
286
280
210
253
265
223
224
219
224
218
329
103
299
241
310
302
292
188
249
205
305
294
232
226
228
219
284
210
286
286
230
292
54
331
316
210
225
306
323
233
233
229
274
285
243
228
229
266
269
349
215
214
208
244
291
282
237
232
224
226
227
225
229
231
243
315
293
331
294
255
265
295
242
234
223
220
231
229
232
232
234
239
243
242
277
286
263
218
289
233
223
225
230
231
232
234
237
238
239
240
238
254
279
269
233
231
