1
4
6
9
2
2
4
3
5
0
5
3
11
28
23
5
7
6
5
4
5
2
7
0
4
1
4
0
40
57
40
6
4
43
144
8
16
0
1
6
4
4
0
106
83
0
56
0
8
3
33
53
19
9
11
5
6
2
39
108
167
0
53
4
2
24
19
99
84
10
19
6
21
21
19
196
155
174
2
15
11
46
49
89
124
8
35
26
35
338
327
242
100
54
94
29
15
57
35
135
20
196
0
266
298
224
106
135
83
8
9
39
0
8
101
67
180
140
317
410
0
230
133
3
10
0
3
9
15
51
107
14
370
289
5
221
193
128
9
6
9
11
7
9
108
140
294
316
138
247
201
211
55
82
95
3
7
2
13
8
285
0
250
97
205
194
199
30
146
26
159
119
14
3
8
0
212
88
180
169
41
163
0
261
227
61
60
162
189
8
12
6
156
195
69
1
4
122
114
344
58
40
68
117
138
133
6
6
9
7
8
0
4
10
20
187
144
236
126
116
118
129
54
8
6
0
13
5
5
3
2
29
17
16
100
101
90
0
100
5
6
9
13
6
5
5
5
7
6
9
2
61
87
69
23
1
