7
0
0
0
0
0
0
0
0
3
2
0
4
22
6
4
5
0
17
0
0
0
2
0
0
0
4
10
52
127
0
3
7
0
90
32
0
0
0
0
0
0
0
47
160
157
0
10
7
0
31
54
20
0
0
0
0
0
7
24
197
106
0
10
7
19
0
14
81
38
1
0
10
3
2
99
28
0
103
0
11
131
0
0
81
84
0
0
7
18
161
156
0
0
85
69
11
101
100
26
0
79
68
41
114
120
65
0
10
6
14
61
6
0
207
0
8
0
143
248
151
0
0
0
13
11
7
15
12
11
154
33
136
210
168
28
9
0
0
0
10
14
10
11
97
151
19
112
135
48
108
1
60
4
0
3
8
15
12
11
535
246
62
46
0
255
144
47
9
75
0
0
10
14
14
13
455
0
0
0
0
354
228
92
117
41
43
0
7
6
11
9
86
0
0
0
0
133
82
359
75
1
56
63
0
6
10
8
8
0
0
0
0
6
12
285
30
46
164
92
78
0
3
5
8
0
0
0
0
0
0
47
15
7
81
133
85
0
11
4
8
0
0
0
0
0
0
0
0
8
0
42
77
0
9
8
