112
114
117
118
119
120
121
122
122
123
123
123
124
122
121
121
120
124
125
124
126
126
127
127
129
129
131
131
129
120
124
127
126
135
142
130
132
134
135
136
137
138
143
149
141
110
133
135
134
136
145
148
140
145
146
147
148
149
150
153
144
124
144
145
144
144
147
164
168
155
157
158
159
160
170
167
151
173
166
155
157
156
149
167
176
170
162
166
176
186
184
165
167
178
178
167
169
169
158
163
173
180
175
190
186
178
168
185
186
184
184
181
181
182
179
159
170
188
192
189
142
193
199
199
199
197
195
193
193
193
189
185
194
186
161
163
172
203
210
211
211
210
207
204
202
194
185
188
178
186
183
179
175
194
217
220
220
218
216
214
203
139
151
180
218
220
190
165
179
174
207
224
227
226
224
221
180
169
211
225
227
223
172
190
179
169
176
214
229
229
228
226
218
220
224
225
227
228
223
213
165
182
181
175
219
230
230
228
220
221
224
225
228
229
231
229
217
232
224
193
179
224
230
230
220
221
225
227
229
230
232
233
233
234
234
230
206
213
231
230
220
221
225
228
229
231
234
235
236
236
234
235
233
232
233
231
