134
149
149
142
146
144
141
140
141
144
144
141
141
127
136
138
138
198
158
149
147
148
147
156
157
152
178
164
154
59
193
151
143
240
199
157
160
168
168
168
170
175
218
226
139
156
285
164
159
176
191
210
189
186
183
186
185
190
187
171
110
328
314
180
187
170
192
244
243
195
192
201
194
252
313
201
255
355
243
188
196
190
286
250
238
165
183
222
318
354
275
193
345
262
180
177
204
213
278
190
215
238
356
347
290
162
416
420
336
216
214
207
217
230
198
331
271
344
271
45
449
497
405
243
238
230
226
221
222
241
203
378
337
145
246
425
463
394
247
243
243
234
232
227
221
145
215
210
326
470
351
360
206
249
265
249
249
236
240
236
89
127
292
597
567
400
88
216
206
157
255
246
246
241
240
239
215
658
626
544
306
205
526
411
222
150
228
254
251
235
235
239
374
515
335
230
235
240
479
229
340
458
248
208
235
246
231
232
220
240
241
235
238
236
267
249
577
523
259
224
197
277
236
233
217
239
239
239
244
241
248
243
303
250
245
262
301
429
345
231
217
235
238
243
238
242
246
243
245
235
238
238
318
351
272
227
